9000
166 40
80 129
57 78
172 124
25 67
179 168
78 103
61 68
165 125
115 91
157 62
128 147
41 48
38 65
110 16
174 130
72 149
65 19
109 88
23 55
193 183
119 154
40 71
15 21
167 146
20 74
3 67
11 114
115 194
35 43
15 30
19 170
174 182
168 90
53 149
162 27
158 133
31 6
121 156
64 41
167 134
79 191
60 64
147 101
20 143
60 188
106 2
170 93
10 58
178 118
106 134
98 40
66 46
80 145
17 3
169 152
62 174
10 44
34 31
115 97
153 90
111 51
87 13
177 199
23 18
130 139
95 145
100 69
151 166
96 50
13 102
62 139
36 57
167 127
48 180
52 57
190 135
24 49
36 137
134 168
136 19
103 75
25 99
160 54
145 52
144 82
0 141
3 160
160 102
148 173
10 130
35 103
109 97
89 80
42 79
77 34
185 135
14 99
108 126
27 96
69 182
126 62
59 35
6 142
16 151
1 3
21 133
79 133
182 114
39 99
178 168
183 18
75 162
41 70
133 181
2 85
43 163
198 86
54 114
11 178
59 150
15 105
179 47
151 199
171 45
46 126
111 142
182 90
25 14
189 99
101 41
106 57
76 105
159 109
54 138
123 135
53 171
121 27
166 160
151 146
137 71
131 64
108 167
131 200
139 118
114 181
196 89
128 34
75 48
48 162
125 69
179 41
54 10
98 192
75 158
135 162
26 83
153 75
26 14
50 62
21 32
109 169
1 135
183 196
29 150
144 153
111 102
161 100
5 179
162 96
176 172
93 20
84 102
21 193
110 94
87 169
163 21
117 190
85 9
141 94
41 79
178 35
68 36
198 79
149 97
176 89
148 135
165 55
55 55
79 118
7 13
147 176
152 73
127 32
16 157
12 59
88 31
121 59
28 109
153 122
9 123
47 10
44 0
30 176
167 1
126 25
161 9
70 92
66 94
165 164
158 48
142 170
56 122
189 119
38 158
50 133
30 114
134 155
134 147
115 55
147 108
190 147
197 136
37 125
81 116
105 118
69 162
39 90
117 180
40 197
118 48
36 184
125 61
21 79
60 170
193 139
15 60
163 197
138 74
188 26
67 76
65 93
89 7
135 49
130 149
175 125
92 64
28 130
109 65
150 31
75 73
169 30
82 75
162 153
8 107
187 126
188 44
0 157
169 99
17 38
66 99
144 26
177 109
55 174
92 150
3 104
20 102
103 126
163 77
157 53
21 154
59 127
99 199
116 47
46 180
17 29
181 22
130 72
185 101
118 106
77 58
110 78
118 93
194 158
152 106
158 22
187 140
160 90
147 38
65 176
44 12
200 155
12 18
173 116
116 177
149 74
160 47
39 188
9 124
188 58
48 134
28 33
98 8
194 56
174 181
136 7
86 174
187 112
5 112
150 74
167 96
16 200
131 99
196 144
105 74
174 105
140 44
56 146
149 136
15 24
123 173
60 95
102 57
136 179
102 48
182 131
132 36
147 166
74 106
49 131
19 54
176 161
10 34
189 73
136 104
9 171
20 69
24 50
189 83
151 188
126 91
29 143
193 194
101 37
172 89
92 186
169 193
179 48
133 33
21 10
30 117
115 32
196 36
48 153
57 78
80 157
4 13
109 34
132 183
196 39
90 184
72 33
151 30
92 156
79 71
170 17
20 195
14 127
61 179
197 153
12 105
109 59
150 122
67 199
120 29
73 162
196 43
177 54
161 125
184 51
111 113
118 16
63 189
133 132
133 108
177 70
139 34
182 43
73 28
199 93
123 190
131 170
148 36
39 104
190 65
60 59
195 37
184 5
127 152
33 90
21 157
154 194
127 145
166 18
185 75
49 51
102 137
109 199
103 59
136 106
17 46
70 86
170 32
127 47
166 164
24 24
15 168
112 79
53 160
88 76
177 112
2 74
6 158
92 144
101 119
186 43
26 90
111 198
188 19
157 78
139 130
164 118
117 117
102 151
195 2
112 62
42 122
80 22
191 160
106 86
91 143
150 186
182 29
14 30
83 30
114 92
179 159
53 124
12 95
5 105
20 19
155 3
67 185
156 38
189 68
117 52
97 186
36 51
51 125
164 191
196 17
100 172
32 197
31 167
77 106
156 106
191 176
58 91
34 122
145 129
140 26
46 56
56 9
102 50
197 50
91 55
149 50
48 49
28 186
187 138
194 74
120 176
156 53
30 77
9 61
6 159
177 7
148 70
183 97
30 37
166 94
53 161
55 121
141 133
92 110
148 98
125 44
118 24
174 58
3 93
169 57
147 73
11 180
26 46
199 51
172 151
101 181
73 25
140 137
198 97
140 155
86 74
137 184
7 22
83 15
68 37
166 66
7 92
163 159
18 89
106 3
100 196
151 28
103 128
108 126
96 95
93 132
124 67
179 167
91 196
118 161
49 175
158 183
77 84
151 159
22 82
11 186
46 47
40 196
39 120
153 34
139 135
51 74
120 44
108 3
125 62
110 150
119 135
197 14
93 5
68 19
73 86
115 165
77 36
101 49
134 15
175 129
82 101
114 27
75 137
70 4
94 196
81 71
196 127
18 76
30 70
13 198
137 112
99 15
106 182
53 173
167 4
167 186
131 147
182 60
146 53
91 13
33 35
53 16
135 114
58 18
113 165
84 171
142 149
157 135
90 161
14 179
75 42
2 117
125 97
136 57
18 68
114 190
26 100
38 98
143 43
47 1
6 43
159 33
152 158
159 40
34 116
86 83
130 49
63 137
153 30
63 125
126 15
151 2
191 165
36 55
165 21
16 107
12 138
118 96
176 61
79 170
177 65
174 140
152 132
23 184
147 112
38 186
60 112
132 49
98 84
53 38
90 129
67 127
94 129
34 102
159 157
186 74
10 98
177 7
106 134
42 125
74 167
126 184
133 137
65 39
154 177
73 20
160 6
26 186
38 187
177 193
0 107
33 30
64 163
178 166
97 102
174 127
155 93
197 74
15 30
54 12
15 28
89 193
145 71
187 125
89 137
3 140
139 145
78 20
117 82
65 113
171 28
175 95
61 57
103 39
122 124
105 114
180 98
83 161
172 112
150 87
132 78
167 138
161 68
68 164
191 146
116 173
127 77
89 38
85 83
94 77
2 91
102 17
185 112
20 157
104 76
9 155
91 180
113 187
190 55
35 82
144 117
1 82
105 196
54 95
180 82
18 13
160 189
39 106
24 64
77 26
152 86
153 124
138 78
84 118
99 35
125 133
82 25
179 190
176 86
102 112
144 18
113 72
35 37
200 91
120 11
7 35
71 32
51 95
85 76
117 180
98 120
155 169
165 160
114 78
174 14
164 61
8 134
4 113
9 39
148 195
146 93
176 67
151 171
85 107
200 150
41 31
148 184
58 186
178 95
62 139
68 36
49 35
58 138
125 7
21 144
165 164
19 106
121 25
45 135
121 108
180 142
72 154
151 76
36 84
163 66
58 186
165 156
85 45
14 3
91 48
137 84
3 58
101 116
193 27
126 121
120 170
171 160
35 55
146 5
8 88
3 167
148 48
123 159
71 11
50 184
113 150
176 160
121 65
197 68
128 21
126 86
135 69
162 190
139 52
134 155
178 136
27 178
169 179
147 188
112 183
168 188
5 37
102 34
72 82
152 165
49 166
119 177
110 114
184 70
178 82
37 75
34 89
200 143
140 39
177 170
1 122
30 194
160 59
21 144
95 127
53 81
90 31
119 82
96 134
123 133
158 104
140 90
175 125
134 159
90 126
97 188
23 121
139 66
174 187
174 99
133 146
44 160
161 22
86 84
19 72
93 152
69 93
57 83
77 146
91 19
26 137
146 94
170 172
27 114
37 5
157 64
11 186
104 16
179 154
125 21
115 184
66 194
93 52
156 116
124 163
168 157
161 5
95 122
109 1
92 132
132 113
108 181
55 28
51 134
42 58
78 95
108 55
42 169
12 183
142 12
187 116
112 100
96 70
63 54
18 50
161 180
33 140
111 166
87 164
151 59
54 186
138 89
6 181
79 77
198 130
73 173
26 54
111 27
21 92
119 59
155 71
105 181
111 127
180 97
17 8
121 13
113 9
42 152
131 182
74 185
14 135
137 152
108 156
199 192
141 55
56 71
78 149
43 135
118 134
84 22
52 95
109 84
94 22
69 197
79 193
164 9
28 71
78 85
183 102
45 121
21 160
36 182
41 75
146 98
26 41
139 155
90 76
112 29
85 139
35 103
155 68
133 160
182 35
172 73
95 114
176 1
50 22
147 60
188 159
5 15
183 145
1 82
123 113
175 67
160 75
114 128
144 189
11 105
29 125
58 193
185 117
157 89
0 86
26 147
158 46
76 76
125 163
59 159
42 101
180 105
181 183
7 92
141 42
68 169
115 69
93 72
90 158
184 121
26 197
61 48
81 82
56 163
191 36
65 111
28 49
62 90
16 33
173 188
115 37
15 166
165 13
0 124
134 200
121 84
92 37
174 141
186 136
80 7
123 113
103 23
154 77
188 65
118 4
7 171
144 115
15 171
117 126
36 125
145 135
56 58
150 103
27 163
197 2
120 18
37 167
1 161
187 29
175 125
133 99
49 170
198 111
73 121
84 188
1 19
30 162
125 164
147 100
43 22
120 186
14 75
55 193
132 150
188 68
87 46
106 140
190 84
132 200
31 34
195 200
42 121
2 1
116 15
21 161
173 11
64 118
19 121
93 2
16 197
121 83
25 55
73 172
46 168
100 70
177 184
149 179
42 114
168 101
50 77
104 39
117 174
36 141
54 174
50 24
109 59
29 74
136 67
69 51
1 72
159 128
52 120
48 166
45 42
121 17
200 95
126 101
119 124
123 125
75 113
36 103
20 76
58 152
16 59
110 54
161 187
38 91
28 62
200 21
20 132
150 30
82 78
3 133
166 57
124 44
75 92
137 115
97 149
43 160
99 67
18 80
194 86
187 7
123 97
92 14
88 174
37 137
45 103
56 143
193 124
112 7
101 131
48 136
35 156
118 57
57 8
3 40
96 111
122 38
8 179
5 53
113 117
64 54
99 114
189 157
74 49
65 37
36 124
47 75
63 132
109 114
25 60
74 80
19 173
75 59
197 130
20 40
104 93
4 15
82 139
106 13
26 129
59 68
16 23
8 59
168 97
127 127
160 83
22 138
56 150
166 79
28 48
9 114
16 200
121 177
85 50
105 183
15 24
52 161
15 57
6 23
69 21
190 15
76 185
50 197
33 79
193 6
112 87
41 23
140 94
174 9
34 1
67 141
143 160
105 95
49 123
97 130
37 55
5 4
24 158
136 39
136 187
68 83
76 77
174 137
112 14
13 105
118 23
87 186
63 147
169 167
180 182
148 165
83 119
171 44
104 65
68 82
83 54
192 61
11 124
60 51
125 155
189 176
148 6
34 41
164 143
88 185
115 67
198 123
158 98
175 13
62 18
11 149
141 26
50 18
42 195
147 166
97 91
136 45
188 103
180 43
190 87
199 88
2 86
94 16
159 38
16 85
74 26
138 89
119 36
31 146
145 115
76 113
106 163
196 62
148 144
190 149
21 93
133 132
37 2
76 89
138 177
164 181
178 141
14 165
172 169
21 154
132 2
88 134
159 68
191 99
173 26
126 127
84 25
26 78
48 63
180 185
70 92
1 117
40 97
185 63
195 77
182 76
55 24
3 94
18 97
44 137
63 118
38 181
141 138
87 22
126 174
27 193
90 148
191 41
184 95
8 84
27 198
187 57
28 25
47 79
184 81
178 81
56 53
167 117
109 31
38 172
192 104
34 192
73 78
99 18
159 5
17 153
59 127
193 172
191 111
35 183
98 46
90 151
35 138
162 165
43 93
81 55
8 105
21 95
34 182
179 30
179 167
162 7
9 21
59 197
133 71
181 136
158 160
186 89
124 137
46 181
145 70
120 118
199 95
189 40
138 118
185 175
92 187
159 9
161 25
131 46
90 150
82 66
89 188
172 153
89 99
54 27
162 84
149 122
5 52
137 166
84 126
155 74
180 130
145 135
123 30
56 146
140 63
144 143
174 43
22 129
148 131
200 196
173 19
55 156
140 31
64 44
123 11
27 60
186 155
25 186
59 119
158 30
3 196
148 131
29 16
35 110
160 11
109 189
16 129
28 21
136 151
161 57
47 147
38 200
91 66
120 168
68 124
74 164
44 8
86 37
18 161
183 112
21 189
180 135
67 43
137 33
185 0
2 13
190 68
102 64
114 149
126 122
199 58
128 129
71 22
137 65
57 103
141 70
81 175
14 173
37 157
150 36
119 40
165 138
38 95
51 144
115 150
156 103
39 101
136 22
140 32
69 55
183 42
66 43
126 158
12 73
1 22
142 191
9 194
18 72
12 104
187 60
20 87
88 182
132 189
9 66
145 94
52 56
4 144
28 195
186 188
168 15
153 179
58 170
173 56
132 69
77 138
119 136
167 58
18 43
149 50
149 198
22 141
43 138
55 134
169 25
138 193
57 190
49 125
159 172
175 96
55 19
147 20
147 28
166 9
24 1
109 161
56 61
161 171
195 187
15 116
142 137
100 161
58 28
184 123
185 113
22 46
140 11
74 133
62 109
52 170
175 188
190 172
125 44
187 48
59 120
121 162
87 63
43 152
144 158
193 18
176 25
156 106
132 169
56 29
157 58
109 30
148 139
85 109
35 34
169 117
178 52
132 107
38 49
163 90
79 38
59 8
61 56
82 145
166 30
41 38
10 90
71 161
196 29
62 165
166 40
27 177
81 134
168 159
123 65
123 178
15 146
106 79
75 80
127 108
181 140
107 44
96 124
110 188
180 44
111 90
197 196
117 107
96 132
89 96
165 195
6 82
118 174
200 164
130 94
70 198
96 79
90 109
182 9
41 11
142 176
174 23
94 150
43 40
152 24
91 61
71 40
159 136
118 33
163 176
40 196
146 93
31 37
164 68
128 104
122 2
134 61
134 48
112 74
44 195
163 12
123 172
59 124
164 140
169 62
143 197
122 17
17 143
104 27
40 109
94 97
61 197
186 127
17 41
12 48
21 52
34 125
75 103
35 92
37 168
196 200
40 80
163 106
196 155
17 80
187 7
133 189
5 107
127 41
5 31
37 79
103 160
73 192
178 111
186 97
57 161
126 20
105 41
68 127
31 18
73 36
0 97
185 94
148 102
189 78
4 23
133 94
63 126
181 69
9 19
4 18
139 128
83 107
118 65
26 59
133 82
162 172
39 81
80 52
115 26
184 137
77 183
134 131
128 52
41 40
91 9
78 63
33 151
175 72
15 112
116 12
142 166
178 170
190 31
163 22
196 195
122 126
30 59
172 161
162 83
140 0
82 43
81 139
142 174
124 142
70 102
113 197
142 164
194 132
89 192
44 74
110 189
9 194
4 149
62 54
72 46
162 63
197 43
193 83
116 13
16 155
99 131
92 160
62 28
98 186
120 167
55 9
27 61
46 82
94 143
132 15
9 34
174 157
184 107
65 52
35 155
160 171
72 59
12 160
79 188
148 70
198 147
3 138
149 125
28 165
135 80
183 164
174 5
47 34
136 97
69 112
41 156
37 81
89 124
138 173
12 139
14 146
1 67
188 94
136 171
139 29
102 178
127 129
3 191
32 67
98 46
55 61
102 29
132 174
0 114
10 94
125 48
155 196
133 58
18 23
87 57
153 97
120 22
152 74
187 90
194 44
53 153
167 4
39 70
127 178
1 7
79 143
118 145
10 15
148 191
186 4
140 111
56 182
54 159
166 67
40 76
172 176
120 195
45 177
117 41
88 23
31 134
86 47
145 135
31 26
148 131
73 15
84 121
4 143
111 115
141 103
146 175
9 83
176 100
26 121
40 168
83 74
166 1
63 59
195 188
62 59
178 98
164 168
144 149
169 32
46 181
159 100
113 98
146 14
32 189
133 105
164 148
166 96
39 90
137 151
103 140
124 168
14 79
32 93
195 134
97 148
159 14
195 79
1 18
4 35
53 122
93 110
83 147
189 85
11 38
122 19
160 102
44 28
199 46
150 124
148 74
145 184
87 42
121 190
119 176
7 24
131 156
123 46
31 4
6 63
2 57
135 61
82 49
47 139
0 114
79 130
177 32
48 65
15 55
91 108
0 85
172 90
117 97
127 133
94 14
47 46
62 129
186 11
40 27
142 200
30 191
72 93
68 152
149 131
69 32
161 16
45 127
115 147
195 137
109 113
198 158
152 95
200 200
174 114
44 150
135 144
56 137
79 116
86 38
176 147
128 100
73 17
89 145
26 133
106 17
162 43
113 68
144 79
149 199
93 132
153 4
33 125
181 194
143 11
111 168
48 80
5 156
84 136
200 60
115 6
123 60
84 106
47 62
39 79
2 198
32 152
58 41
20 101
58 160
6 126
82 82
92 135
56 82
121 120
102 62
168 150
63 159
159 199
65 114
68 5
186 64
179 176
113 179
95 68
70 16
96 116
181 198
13 126
188 107
5 29
162 198
167 151
99 168
158 137
59 75
21 182
86 21
5 126
98 11
31 25
160 96
136 149
24 192
119 85
44 48
76 41
193 197
100 27
127 107
153 51
185 55
112 149
12 58
85 37
43 190
11 193
5 111
144 124
85 16
103 65
19 85
140 54
43 49
127 14
8 182
115 0
21 47
135 73
32 136
74 73
28 46
198 16
31 149
35 53
71 98
70 141
46 154
112 90
4 21
26 159
134 152
104 163
3 94
76 137
148 189
138 103
171 173
158 160
7 47
16 74
132 110
96 2
2 179
191 83
22 36
146 131
45 148
66 14
8 124
116 136
112 116
124 134
25 37
42 102
38 24
186 34
73 18
62 164
110 39
79 88
80 97
52 21
23 70
51 182
154 133
40 96
17 190
176 74
6 172
12 134
182 73
140 100
135 47
45 141
137 193
174 85
9 68
79 139
99 195
3 184
10 172
17 47
106 35
139 161
155 180
3 179
39 142
156 162
195 93
115 91
191 54
149 158
69 88
182 11
32 153
152 70
174 173
7 45
151 70
138 143
172 128
158 178
150 155
28 28
189 110
126 174
123 16
194 129
185 162
86 182
148 154
23 6
103 133
172 171
84 65
5 90
191 156
5 73
196 3
20 19
90 140
144 174
137 40
176 115
115 159
119 12
101 180
42 81
92 118
61 117
173 163
57 193
189 75
70 44
18 149
110 190
113 77
6 98
170 48
65 177
56 31
9 87
97 168
126 92
73 60
20 191
29 74
114 168
200 161
78 86
182 22
153 91
113 95
163 170
103 147
118 78
55 183
72 11
70 32
76 171
38 168
194 124
11 83
74 31
79 161
133 5
2 15
103 13
4 21
50 24
165 190
97 104
10 90
11 200
121 57
9 154
2 113
110 76
15 39
140 137
147 83
147 35
148 100
18 152
129 175
94 121
137 21
44 64
44 115
137 91
74 98
107 199
48 32
104 2
89 153
12 141
160 17
23 21
20 12
39 36
79 126
122 144
120 37
100 82
142 61
146 153
114 171
68 185
77 140
83 101
19 23
77 37
113 117
48 32
168 51
1 91
92 122
150 180
189 7
107 196
127 25
127 47
156 59
74 114
52 107
175 173
137 197
16 120
51 197
119 158
86 96
38 85
41 67
192 156
134 77
189 171
55 157
167 79
64 130
9 99
173 88
82 43
116 2
8 20
57 146
109 89
3 186
167 83
57 152
48 197
112 157
171 83
38 78
141 164
52 105
33 173
84 101
106 159
173 132
124 66
71 127
101 164
107 127
117 87
99 20
125 62
9 117
168 137
34 87
129 29
62 77
18 96
71 23
144 183
78 50
122 120
62 163
159 121
112 109
97 11
183 197
7 120
60 9
194 50
35 142
190 22
198 114
125 140
75 13
84 187
134 185
60 163
46 156
148 116
98 67
5 81
155 65
89 163
44 48
151 60
80 73
184 125
97 43
3 88
64 87
9 83
189 134
98 90
86 62
126 131
66 133
53 51
124 87
145 1
79 15
38 119
54 177
166 121
136 68
2 60
60 145
199 182
37 70
74 111
87 121
143 164
178 180
125 196
27 183
151 60
41 68
149 99
82 24
187 15
53 162
164 81
122 139
127 22
16 131
124 165
0 33
39 40
124 64
14 92
45 146
73 184
126 121
64 197
140 52
84 35
107 58
12 99
165 100
47 164
9 15
90 101
17 164
55 185
154 7
200 57
11 44
76 43
97 72
71 127
40 163
97 28
119 64
187 182
138 126
28 177
46 2
88 87
180 159
26 51
52 11
55 113
1 5
113 127
44 173
136 114
45 133
43 54
47 59
4 104
32 184
124 58
88 138
151 22
162 124
176 127
146 25
47 1
122 27
131 124
20 53
128 111
53 198
158 4
190 93
77 185
86 109
171 22
48 33
177 112
95 34
122 89
108 188
144 188
146 185
81 170
196 118
3 185
9 77
54 175
193 169
124 39
186 200
10 99
186 65
187 76
138 141
79 57
164 188
197 53
65 15
87 198
103 118
27 117
107 152
136 84
49 74
134 7
59 33
80 130
99 183
70 169
107 152
49 157
64 99
156 106
139 123
91 174
21 0
139 20
180 60
9 74
87 156
14 156
66 43
6 198
134 112
31 154
61 55
39 136
118 148
69 154
47 187
6 65
160 58
187 116
101 129
75 104
183 142
155 56
27 151
9 182
175 131
158 111
96 101
42 166
180 150
70 143
135 145
159 76
78 169
98 149
196 142
123 144
164 116
37 6
198 126
105 188
59 102
28 47
156 8
47 32
30 74
185 125
178 12
59 21
81 165
112 178
30 157
140 197
188 135
34 26
79 18
97 144
155 48
127 77
26 165
28 133
13 57
152 82
199 69
9 133
11 64
141 186
10 91
101 68
165 27
27 54
12 144
189 187
185 158
13 45
141 37
173 98
12 16
175 99
64 72
109 68
71 45
11 69
184 143
175 200
145 184
178 136
199 89
182 93
12 200
155 112
171 144
37 169
41 29
174 2
78 34
52 98
184 42
30 50
57 167
136 36
129 174
140 50
53 105
56 27
42 100
114 151
34 85
196 4
69 139
155 110
4 48
125 106
27 187
2 56
168 101
141 52
48 128
70 84
63 117
8 4
26 164
135 155
96 125
197 86
18 173
11 84
39 65
3 10
31 148
25 152
95 139
144 134
191 142
18 48
143 112
2 31
54 55
169 50
157 195
200 109
129 104
146 91
22 114
170 135
157 186
92 109
69 155
94 194
183 92
124 77
58 146
16 151
169 6
50 58
76 98
142 197
8 92
39 11
36 86
83 30
121 122
88 20
164 72
126 151
195 12
15 10
17 161
12 22
148 33
114 138
132 102
161 80
196 63
77 64
12 146
13 56
163 143
187 99
86 111
179 156
141 115
30 18
67 138
152 113
119 104
184 154
75 146
195 112
173 102
132 164
124 126
11 198
88 11
73 71
199 136
180 172
77 177
178 190
106 155
183 123
148 167
187 106
79 46
159 66
182 78
172 165
190 124
125 62
38 56
104 189
111 90
56 180
8 132
185 122
73 144
52 162
49 128
128 98
168 69
186 143
186 13
57 24
65 113
198 71
95 169
148 18
61 184
117 186
79 109
53 142
145 106
99 161
181 71
123 153
11 170
179 144
102 109
148 22
55 129
68 60
86 17
152 50
141 102
82 1
175 178
90 86
151 115
58 69
40 46
165 21
125 159
45 102
198 128
91 169
111 82
164 95
189 32
168 86
83 191
44 78
135 197
91 122
164 112
56 57
74 68
154 170
54 115
89 63
75 13
32 174
20 140
106 49
114 23
137 53
67 68
107 61
129 182
146 119
95 106
19 113
68 132
73 177
7 192
5 101
82 62
7 81
20 148
122 19
124 156
99 190
114 16
158 35
87 124
35 84
98 174
52 42
154 183
16 147
26 18
77 94
115 148
145 45
190 23
13 123
18 175
177 61
88 0
85 91
59 183
39 130
182 64
69 66
7 156
150 100
200 75
193 157
0 120
76 141
53 148
191 94
145 186
198 149
102 35
165 144
68 79
137 89
182 195
170 35
49 137
148 180
52 120
19 198
129 179
112 165
176 169
54 88
199 64
76 46
102 11
74 127
56 111
181 118
188 45
53 3
36 187
175 43
159 188
31 175
12 109
70 26
168 3
194 68
10 62
23 78
86 101
72 197
122 141
141 87
141 177
2 62
79 146
84 62
145 164
94 35
132 61
59 166
82 43
192 35
161 189
152 74
93 125
27 114
104 1
68 191
4 4
111 104
23 6
33 142
62 23
65 168
88 146
70 128
19 147
35 196
169 35
43 197
13 184
182 71
188 97
101 143
10 27
50 49
69 138
61 91
24 191
189 170
41 48
2 182
121 35
101 175
100 150
1 121
167 49
192 79
97 189
86 164
13 194
87 36
156 73
110 43
179 172
108 57
86 29
40 120
163 108
147 21
165 51
13 29
129 153
99 164
100 25
159 1
121 143
93 18
159 127
11 50
115 136
70 64
68 111
66 44
192 16
140 198
122 38
151 41
113 1
136 170
18 106
147 129
90 165
125 179
103 168
92 89
71 126
97 44
174 77
55 181
62 105
33 196
62 157
194 188
180 168
127 158
5 115
169 126
111 31
32 98
158 41
172 42
136 44
25 72
124 101
78 79
101 172
177 111
25 47
4 17
30 92
102 13
159 89
45 101
26 171
60 0
43 159
167 121
22 69
62 42
7 97
93 197
71 74
114 67
0 99
142 193
6 92
72 40
130 49
76 70
113 90
54 111
4 104
82 55
105 50
27 65
29 174
157 116
170 166
183 7
113 83
71 104
110 146
50 155
107 173
75 178
94 166
42 86
49 18
17 89
191 96
131 71
156 196
19 140
45 42
110 90
37 127
127 62
161 101
36 99
22 10
130 90
149 26
53 184
120 29
172 186
143 200
164 2
95 197
129 91
194 185
19 91
187 133
162 84
46 69
31 27
158 86
34 180
83 194
106 98
100 14
28 31
52 0
129 38
86 183
13 106
144 135
31 9
123 179
106 113
83 49
25 120
121 89
71 139
162 46
17 135
28 41
175 23
68 28
11 147
128 121
114 36
82 105
58 60
150 102
186 16
34 84
200 169
89 68
22 198
77 21
195 22
75 123
89 89
177 70
193 150
161 163
150 58
26 180
3 75
111 111
134 169
114 106
142 187
163 60
160 79
181 44
45 97
160 62
134 63
4 179
48 61
54 12
139 74
43 109
165 112
197 179
158 69
173 103
17 14
197 49
44 43
55 95
154 126
145 18
181 113
30 91
148 129
37 152
192 93
46 108
35 41
146 58
173 140
110 135
193 96
182 10
136 57
135 24
119 88
37 113
185 106
168 194
49 7
74 23
119 48
186 65
101 152
31 64
187 115
57 140
27 106
64 70
186 19
95 161
123 184
186 60
194 41
184 155
120 181
81 56
19 183
59 142
49 152
80 78
93 54
2 106
79 126
122 127
48 137
60 92
143 34
87 120
156 32
80 111
101 141
111 21
90 77
116 157
144 176
60 156
83 123
178 113
93 73
187 52
53 139
187 83
142 73
179 129
107 114
112 56
146 16
164 83
7 12
34 11
57 162
69 114
46 19
46 84
7 72
23 87
44 75
87 52
94 161
43 98
187 42
162 72
182 137
179 155
162 198
144 60
49 78
174 149
157 157
129 29
164 63
147 38
144 106
13 4
159 171
199 195
12 82
175 83
147 50
38 141
25 156
16 145
178 116
167 12
92 61
185 28
85 14
17 85
176 120
54 4
78 197
121 170
110 31
131 111
167 145
180 93
167 139
71 155
93 71
181 36
17 189
9 14
94 107
35 165
52 120
149 185
4 148
18 132
90 185
54 26
158 197
176 42
46 104
169 68
34 164
111 114
194 98
56 7
109 137
150 195
191 32
83 153
81 158
53 161
66 184
12 175
36 31
139 186
23 134
8 118
37 39
183 120
179 84
10 83
40 140
46 60
82 94
83 177
33 180
116 105
30 171
114 172
107 69
136 94
146 29
147 13
132 159
168 74
14 147
13 187
191 140
155 7
133 67
13 198
193 176
61 187
89 5
122 106
69 161
170 101
159 111
167 128
144 196
180 192
46 8
36 142
53 199
59 60
27 26
194 29
75 139
71 190
17 74
24 117
23 172
188 110
93 17
105 106
96 51
84 32
112 120
96 30
126 199
75 4
152 179
181 144
5 72
74 74
113 81
75 36
51 191
80 193
92 102
45 61
188 33
72 147
140 38
67 12
92 30
67 198
186 31
169 96
83 6
151 157
139 43
158 147
34 124
87 193
168 46
108 174
37 81
104 40
146 48
56 108
27 2
48 167
98 22
8 96
13 176
117 141
171 103
200 10
52 89
186 115
45 37
62 93
37 150
64 189
59 141
11 7
9 58
161 9
157 108
185 29
88 48
138 78
173 123
178 52
175 30
104 150
133 198
109 143
180 12
184 42
79 40
130 78
97 141
108 184
117 159
34 48
8 104
123 9
2 74
112 173
57 113
103 37
144 153
116 104
52 50
48 8
118 179
56 146
153 31
129 127
34 169
128 184
44 41
113 127
15 52
60 127
168 115
199 98
69 53
170 40
34 84
175 81
170 113
68 111
35 104
198 32
57 42
90 116
75 184
108 4
47 76
129 154
145 27
141 12
8 168
13 73
100 136
36 8
133 121
93 141
191 179
51 83
22 14
185 7
182 68
42 176
41 80
71 155
46 76
34 37
151 89
41 197
21 51
33 110
182 194
112 71
51 72
160 7
70 27
109 90
15 43
1 140
29 114
76 104
96 97
120 1
169 124
69 77
151 96
122 79
5 41
130 4
62 37
131 115
18 152
25 58
48 92
5 186
142 145
185 34
135 139
179 87
42 98
182 39
51 159
0 171
175 98
6 118
49 140
123 82
196 170
124 82
120 5
33 148
197 67
76 53
186 73
147 61
42 151
90 90
73 138
109 18
154 107
49 57
32 53
43 155
17 186
42 192
80 198
186 40
102 91
68 149
68 2
93 48
127 147
153 95
153 161
33 13
104 135
3 126
32 82
134 145
189 25
62 90
175 98
122 39
74 142
136 152
199 32
37 152
153 76
177 195
26 161
97 123
80 179
53 109
52 153
183 38
118 23
117 154
31 154
46 102
7 63
94 188
177 91
141 32
70 27
6 195
28 101
179 79
36 136
39 57
101 1
127 183
98 46
167 21
75 37
104 146
106 24
192 33
3 127
107 131
122 28
140 169
83 163
92 190
6 32
33 81
173 181
38 94
123 71
24 200
132 34
175 53
47 109
126 145
82 108
185 46
46 15
109 61
105 135
198 117
128 13
164 171
64 72
144 71
71 196
159 72
11 53
96 82
20 112
49 44
193 20
168 160
74 44
89 84
8 42
190 114
34 138
188 186
153 69
3 164
122 34
58 81
125 17
40 55
99 165
143 113
121 68
187 3
130 89
108 125
101 113
126 179
43 184
120 41
26 190
120 1
150 126
72 146
75 70
131 166
58 98
36 18
37 81
131 95
32 49
32 126
71 1
199 94
177 57
4 135
45 59
154 180
120 120
193 53
56 173
26 182
155 72
4 78
118 86
18 112
94 135
166 112
25 182
131 3
141 170
152 127
186 137
101 58
87 194
43 49
62 109
131 32
152 171
170 98
121 161
16 97
124 79
68 164
34 141
10 26
141 61
88 148
2 86
93 173
12 35
110 64
70 79
0 9
98 182
92 132
6 176
33 73
14 130
139 51
198 189
54 39
79 189
6 194
52 1
16 23
131 52
107 85
57 105
123 188
135 26
171 121
121 29
133 28
163 63
18 184
173 56
30 102
149 120
124 138
83 187
96 76
197 179
196 173
1 14
142 1
112 136
66 64
10 40
105 106
60 160
184 67
33 85
46 34
25 153
124 110
35 170
109 178
33 59
189 54
58 68
33 64
149 59
60 33
14 147
94 40
83 28
178 62
41 47
159 29
97 100
117 122
35 98
161 127
169 64
138 132
194 145
130 139
84 71
96 168
67 100
193 118
106 198
163 194
53 125
166 35
34 88
56 41
24 130
117 106
31 72
127 60
153 134
90 177
30 162
156 74
84 74
17 200
100 109
159 172
116 116
4 194
3 169
151 15
122 58
178 62
135 91
106 185
92 152
135 86
2 39
63 28
197 59
157 112
125 130
28 159
71 48
157 188
63 109
44 50
37 74
82 100
83 47
53 105
140 126
20 151
106 127
79 176
110 73
118 56
135 138
69 191
159 162
55 97
176 199
31 28
86 1
126 108
186 172
193 95
31 5
43 17
149 176
128 138
137 141
163 200
188 139
37 183
3 118
72 141
183 39
39 103
175 80
139 132
32 33
198 91
104 161
46 105
16 51
151 191
169 106
99 78
18 43
118 102
36 188
123 131
30 154
43 87
195 167
99 198
118 112
178 107
66 184
16 3
112 133
161 86
106 46
74 196
68 100
146 200
70 70
67 36
149 190
77 68
35 144
129 94
28 198
90 24
35 72
94 63
104 125
190 50
38 41
184 21
65 57
9 183
120 87
101 199
70 103
192 199
192 96
88 178
38 8
140 183
125 57
144 14
174 47
131 166
43 193
62 200
41 197
21 33
187 164
186 121
17 180
103 101
129 144
188 171
117 183
170 199
35 183
192 144
191 37
115 195
4 32
86 142
108 110
149 1
70 58
199 90
110 18
165 75
134 20
176 171
137 76
62 168
59 103
199 125
119 166
116 168
179 95
177 27
80 110
11 12
167 144
182 147
154 134
169 79
63 72
156 40
48 155
164 30
85 110
66 175
22 195
145 173
37 146
11 6
64 32
52 46
59 8
115 108
61 166
159 141
177 76
162 12
112 17
34 12
0 101
48 99
38 28
74 178
37 162
193 191
55 22
173 167
133 63
113 153
19 66
15 159
134 16
173 90
71 169
104 12
84 186
140 70
25 78
4 15
25 141
80 63
153 154
121 95
154 137
46 43
132 111
68 104
176 103
120 36
168 38
31 180
1 114
78 22
116 78
87 188
46 104
174 86
141 14
71 20
97 69
120 92
171 97
88 8
150 163
76 0
132 174
129 146
20 38
144 59
147 85
108 64
140 85
109 80
103 106
59 14
119 132
93 195
32 129
88 182
85 38
51 84
197 45
139 13
195 128
165 56
39 61
114 85
137 134
71 32
11 59
155 7
178 12
61 11
72 41
130 194
15 196
4 162
80 35
67 140
188 181
101 54
13 109
185 166
65 132
200 107
140 23
80 195
18 5
64 162
173 182
117 89
158 118
38 83
199 43
139 170
31 8
76 67
186 24
36 68
139 167
165 37
40 48
191 51
188 41
86 51
82 18
190 182
129 109
195 55
66 100
48 199
173 45
140 81
167 143
42 53
177 153
177 113
180 129
91 111
26 53
56 36
66 139
141 41
147 82
71 64
77 140
113 1
43 138
98 43
48 103
14 21
186 15
9 7
98 159
30 177
54 2
47 56
64 47
9 129
5 179
191 63
129 29
108 17
75 154
89 66
32 78
6 170
163 103
154 152
48 161
96 133
0 70
69 17
124 169
64 160
109 163
38 171
15 141
47 158
83 189
197 37
11 145
119 139
101 187
64 152
159 71
25 118
186 53
90 183
176 48
34 114
44 4
24 68
25 177
182 1
82 136
64 19
158 114
96 56
190 48
140 182
70 146
4 147
116 163
8 200
50 145
82 51
199 102
126 24
128 147
17 196
83 129
61 35
155 96
124 103
12 97
106 183
97 169
48 98
98 39
73 72
76 37
11 92
150 66
41 64
198 200
98 60
84 111
99 73
175 138
35 147
147 148
47 67
63 19
21 127
36 128
73 182
65 29
83 33
67 133
26 173
4 175
10 171
90 38
55 101
74 193
102 115
155 52
187 108
81 123
41 48
15 109
140 72
128 136
187 136
120 153
77 120
199 49
189 183
77 100
125 48
13 143
42 194
9 68
91 158
160 7
58 151
126 68
161 57
72 93
64 125
70 195
130 41
141 117
108 29
40 96
62 6
45 187
15 56
56 75
74 34
192 126
71 191
44 114
150 26
192 157
96 1
70 150
71 32
76 190
83 84
151 39
160 55
118 30
32 29
56 169
190 121
174 44
121 197
52 178
78 26
82 102
117 34
63 126
120 165
144 192
90 21
182 171
54 29
62 111
138 117
146 67
36 172
198 53
94 60
9 1
48 83
28 21
196 158
200 48
56 77
178 173
122 165
98 146
129 126
12 186
29 196
64 112
152 113
34 162
119 141
186 155
124 184
4 131
44 184
0 59
193 182
105 93
40 109
56 35
111 131
1 119
38 195
151 50
30 29
169 88
163 80
26 22
91 89
93 149
25 175
7 130
181 45
145 51
134 124
7 143
62 183
145 104
148 126
120 56
95 191
162 84
55 169
190 6
97 123
59 137
139 83
140 40
25 17
20 40
148 143
101 175
5 190
58 50
187 75
101 125
119 18
83 107
44 177
109 125
25 190
159 59
32 115
107 188
76 16
136 182
51 166
76 58
88 38
45 179
20 173
1 68
29 119
82 44
37 145
32 28
102 148
145 0
193 149
28 196
18 117
196 126
85 68
62 148
15 178
108 44
154 45
124 114
72 45
6 97
186 182
180 166
103 34
74 166
153 140
199 104
82 173
190 27
106 196
189 13
27 22
148 109
153 169
182 113
67 146
11 181
74 60
180 20
140 48
82 82
97 100
120 165
50 4
17 166
37 147
178 42
115 163
145 150
10 100
55 124
152 122
123 134
148 20
50 87
75 165
6 191
46 118
86 65
40 199
60 136
31 9
147 37
9 154
192 76
174 55
42 45
24 42
79 115
75 182
199 79
111 124
176 53
55 149
179 90
122 119
198 56
88 126
195 29
189 121
51 110
126 132
21 172
121 152
102 196
189 121
39 135
193 32
10 155
46 14
74 160
91 82
199 165
55 114
31 52
64 150
4 189
198 77
65 31
17 60
108 183
45 96
158 11
14 169
35 86
160 9
49 7
106 191
126 12
26 63
150 181
1 117
15 165
167 122
48 163
40 148
107 174
65 14
160 72
7 180
54 167
1 97
166 180
65 107
145 75
120 117
43 86
110 41
132 24
52 164
28 133
57 160
15 9
96 72
23 110
152 81
175 38
2 100
88 47
6 59
101 137
120 103
185 71
35 125
114 58
108 171
71 115
80 16
23 40
34 123
134 136
172 55
191 53
54 123
66 7
107 56
148 117
48 116
68 55
173 140
2 85
48 166
15 107
59 3
30 135
28 93
62 179
128 56
0 89
81 134
151 56
100 59
122 35
164 109
147 179
66 20
141 39
15 60
112 135
94 172
20 81
57 182
175 83
35 2
184 132
54 168
185 29
54 12
159 44
177 112
96 195
187 75
156 166
9 19
196 27
30 143
77 186
152 40
40 111
43 189
24 102
191 128
197 167
184 14
86 14
35 23
175 79
169 174
178 41
63 88
102 39
53 116
168 74
187 8
3 155
52 73
98 18
144 190
14 134
50 155
27 123
139 8
28 18
177 160
29 156
59 167
59 42
97 49
171 91
79 83
18 114
97 82
64 39
22 193
68 16
144 70
194 79
121 102
107 39
121 49
14 114
119 37
76 139
22 62
43 101
185 135
34 114
167 11
84 36
169 55
172 108
121 177
94 98
66 12
51 163
61 24
149 51
13 146
177 28
59 68
42 84
109 104
179 88
192 25
22 182
175 149
128 140
167 56
138 132
97 106
89 39
196 27
132 1
151 2
158 41
162 122
113 144
103 193
179 198
36 65
13 193
75 127
154 44
18 60
17 29
189 21
49 144
71 185
163 138
190 195
31 136
40 62
108 93
58 81
173 24
124 23
111 95
143 111
34 176
145 107
122 183
150 75
160 157
172 176
119 147
30 173
181 68
135 100
161 78
103 107
66 163
11 178
42 19
104 80
166 119
172 81
140 77
36 41
30 184
131 63
195 20
17 59
200 29
49 198
97 150
26 91
171 32
2 161
41 39
117 91
132 61
65 51
45 135
160 172
65 158
129 68
58 91
127 41
72 26
109 101
46 92
42 106
2 55
141 196
25 128
0 68
111 25
127 34
108 90
53 176
72 15
75 180
85 190
5 174
166 75
199 125
32 190
20 109
46 99
21 46
21 187
0 3
75 37
14 29
98 198
109 46
43 123
32 171
137 76
112 192
57 21
141 146
153 62
74 116
6 28
179 64
136 36
11 163
196 151
120 197
70 29
161 26
174 62
17 160
177 34
179 85
110 130
108 6
31 38
156 15
164 139
90 169
169 6
180 71
30 35
184 72
186 79
84 44
39 29
174 56
43 47
156 123
73 76
3 136
151 171
62 163
0 129
173 39
22 162
83 126
127 183
85 155
79 149
194 96
24 40
194 127
94 46
57 31
106 161
86 105
118 25
33 189
186 140
200 128
85 72
154 2
38 95
60 116
100 173
60 27
92 145
114 2
157 52
129 14
146 102
150 78
14 98
162 185
192 109
78 55
47 26
60 28
104 107
70 197
82 5
87 181
14 184
123 95
176 24
62 149
130 31
146 174
21 188
163 108
82 5
60 13
87 42
118 14
58 154
31 194
148 2
126 148
148 47
138 176
167 27
196 164
1 105
157 86
13 22
21 197
103 14
139 169
80 46
86 28
33 8
2 96
121 52
75 194
40 14
35 193
56 61
111 77
71 95
6 72
162 49
152 145
117 138
66 34
188 95
166 22
147 47
189 41
120 158
65 53
44 11
23 49
59 24
28 162
71 199
71 168
126 30
12 131
153 194
114 114
69 145
9 198
117 76
131 147
149 45
85 132
93 156
54 32
81 145
25 166
105 23
78 165
60 48
109 183
59 32
119 79
90 88
93 37
54 116
123 88
112 151
156 103
122 11
39 191
120 174
200 100
85 198
71 29
17 99
188 13
58 103
56 149
87 129
168 98
66 0
190 126
9 43
149 103
57 134
11 144
71 177
122 45
110 171
71 105
138 108
41 200
177 90
28 143
3 0
195 184
41 193
117 74
131 193
178 146
25 121
168 77
128 133
183 159
70 9
15 85
62 114
102 177
32 90
106 16
83 131
10 191
77 167
18 119
57 199
4 103
131 174
28 146
174 147
21 61
63 4
2 51
124 65
48 67
34 15
90 125
48 91
65 73
57 16
163 27
68 180
19 129
93 118
78 75
180 33
137 35
163 50
68 37
145 48
9 48
191 0
122 164
127 157
80 48
57 59
154 112
133 174
81 41
6 195
133 161
15 145
51 48
46 83
189 63
36 50
147 171
101 0
98 19
28 137
199 15
155 23
147 80
124 127
65 113
171 72
153 58
50 127
142 126
183 32
90 104
23 184
76 152
155 188
57 136
174 136
27 133
8 67
36 190
192 115
108 112
74 27
52 9
143 167
23 157
37 68
39 105
2 89
42 180
141 150
165 130
55 199
192 33
92 157
60 78
197 132
188 49
2 163
72 3
35 154
159 106
68 169
51 187
179 112
155 112
38 98
158 179
80 77
189 11
42 76
5 139
82 87
126 25
25 193
8 13
177 109
59 14
119 130
73 29
41 116
141 80
21 61
88 41
142 51
141 35
121 40
196 145
85 5
177 193
23 62
2 174
109 157
68 184
43 168
5 95
180 99
0 68
57 84
176 41
17 106
19 145
160 77
99 34
141 39
60 182
53 120
133 193
64 159
180 171
68 124
94 2
77 163
152 143
108 33
165 58
194 157
34 43
196 26
130 117
82 54
116 90
177 142
24 140
169 82
29 33
35 44
124 139
106 133
72 39
132 192
160 166
40 32
55 101
58 152
54 64
27 32
145 85
48 130
43 69
37 14
102 66
167 9
24 71
135 159
83 153
74 68
3 180
25 87
175 168
173 141
165 127
193 83
179 198
108 83
113 182
192 166
120 51
79 108
71 129
126 100
136 154
76 179
71 101
112 186
143 147
150 93
110 112
87 21
111 135
1 46
77 68
32 69
53 34
188 53
74 10
136 137
33 181
78 61
96 94
151 115
149 24
2 125
76 10
115 195
60 65
157 61
145 68
66 161
107 126
103 173
7 177
115 173
34 41
11 87
152 95
86 175
33 44
136 184
5 170
164 61
194 36
7 196
56 103
85 14
145 118
14 19
162 63
101 25
24 10
195 18
52 6
171 200
63 128
146 18
167 106
37 194
133 150
168 139
96 65
177 107
59 56
130 152
197 79
42 31
133 31
148 64
158 91
130 125
162 59
22 9
181 108
14 102
128 190
54 1
102 2
128 44
2 58
26 166
96 0
160 56
151 114
184 34
168 1
200 14
101 95
152 154
13 40
69 194
80 3
79 102
46 148
7 146
150 121
94 55
200 160
183 64
91 148
5 166
135 141
103 51
81 160
112 64
172 123
76 6
138 104
40 192
42 90
198 51
139 99
104 55
190 74
130 160
24 75
116 111
46 87
52 127
160 45
78 172
113 151
0 199
88 74
132 22
164 191
150 121
46 118
25 198
86 21
109 148
62 119
3 141
40 190
163 68
34 12
11 130
24 89
102 134
166 175
148 189
9 179
29 28
186 173
27 150
57 49
134 167
156 167
154 149
191 155
37 7
41 187
73 2
46 68
137 107
38 121
70 75
131 159
89 172
117 132
54 188
16 171
97 59
107 170
54 38
121 78
175 4
167 175
22 94
63 194
145 130
33 109
76 114
25 198
62 72
53 127
70 9
16 179
196 6
151 167
169 143
198 1
166 22
33 37
199 94
106 131
70 132
117 193
134 133
127 130
200 152
38 157
7 139
54 21
121 89
180 39
175 8
128 155
95 166
120 117
146 143
141 127
142 158
84 106
12 197
16 161
30 173
166 98
13 104
78 23
44 116
119 152
127 200
171 123
142 41
136 14
3 176
84 176
97 178
195 46
66 172
16 73
179 200
170 80
16 61
167 76
45 10
140 141
83 96
117 69
185 183
42 2
94 165
190 59
150 75
141 71
52 159
5 0
167 24
37 126
137 190
154 45
95 19
58 107
94 111
108 117
186 31
40 28
145 88
67 130
23 48
63 128
108 62
190 54
8 155
193 98
106 74
15 153
48 105
141 15
3 55
30 168
3 162
175 98
69 152
53 87
117 28
146 7
182 23
126 128
11 18
96 150
25 128
64 200
69 150
87 102
37 180
117 85
0 62
140 100
178 170
36 24
140 51
9 194
3 187
113 56
173 167
67 97
9 182
159 153
5 155
43 80
40 135
130 94
18 131
68 171
173 182
61 193
87 81
122 17
100 122
197 64
194 56
57 15
153 81
110 149
2 40
7 118
23 9
196 9
2 97
135 139
153 49
94 2
48 193
3 98
193 12
163 142
59 74
69 62
151 97
69 86
91 40
11 65
14 85
161 1
186 2
163 86
5 50
58 53
9 186
5 107
196 74
148 39
52 120
145 58
95 113
118 49
4 118
129 36
22 94
40 0
96 9
20 167
24 75
17 96
45 179
134 189
18 123
18 87
151 20
168 91
67 35
104 67
170 145
90 3
46 156
177 127
160 2
6 2
80 37
181 58
135 200
30 170
162 4
3 171
25 108
73 118
142 187
200 157
103 118
53 24
93 35
60 51
96 173
85 93
50 75
103 32
131 9
185 125
122 183
58 156
40 50
30 170
184 111
131 97
19 145
42 16
150 96
127 20
114 39
43 192
199 132
74 91
3 79
128 12
186 134
95 79
43 18
65 140
63 164
160 38
25 66
96 171
9 134
157 53
111 44
125 131
183 189
132 52
3 2
38 55
42 171
156 130
200 108
29 195
33 128
105 92
116 27
124 136
41 155
64 132
96 135
15 15
62 24
63 129
74 84
128 143
167 199
40 85
150 138
36 163
143 4
122 147
186 97
63 48
34 185
120 8
153 199
39 8
75 54
197 89
57 154
70 33
24 161
88 77
27 36
33 146
39 9
103 59
28 63
99 92
141 77
139 2
75 11
173 145
72 105
0 67
83 159
171 162
88 10
175 10
69 60
15 118
158 174
95 45
118 37
60 134
133 94
65 7
133 99
23 128
87 14
89 175
190 169
174 12
11 126
125 164
0 182
16 121
131 156
83 102
31 45
17 103
164 123
200 84
106 85
53 133
141 48
18 86
90 169
75 163
47 103
118 178
44 83
117 59
190 27
192 189
32 26
92 7
179 64
182 53
59 123
166 9
63 95
96 46
5 60
123 45
39 146
53 68
114 181
43 111
148 86
106 33
93 45
37 105
124 36
0 119
154 74
110 61
70 53
161 62
35 64
188 163
33 94
194 9
10 200
159 119
16 36
31 136
65 87
65 144
136 183
182 37
44 131
67 69
170 42
3 130
194 128
0 86
57 195
144 158
43 184
85 197
5 8
137 165
94 50
19 125
144 61
195 156
80 196
83 82
161 0
157 193
173 110
133 54
141 115
37 25
1 96
66 135
116 156
123 151
32 153
196 124
72 58
52 162
100 94
22 16
52 91
99 169
162 183
197 184
100 145
168 105
178 28
7 180
141 44
39 105
8 136
123 83
35 158
127 138
41 167
14 66
26 80
51 150
44 51
46 43
160 185
169 49
157 173
53 53
70 56
79 192
58 55
183 23
148 185
112 117
133 82
26 73
65 174
175 190
0 128
185 90
116 168
10 81
9 61
190 148
85 196
180 157
101 85
198 17
112 171
51 117
97 8
57 177
157 182
181 123
102 151
157 38
182 30
17 199
104 125
44 113
156 87
15 113
161 125
39 22
36 169
144 106
156 57
168 154
71 130
122 135
112 168
148 66
141 140
42 161
111 124
99 84
58 173
17 138
150 180
6 49
2 49
127 33
15 39
52 80
165 85
186 191
94 158
1 31
198 80
102 99
184 136
62 56
156 120
149 74
72 188
63 197
101 101
65 20
81 94
48 71
12 103
122 30
195 10
176 53
124 41
145 113
176 162
98 88
3 199
118 150
25 1
5 10
11 42
192 142
50 81
141 139
156 83
5 145
63 138
7 130
102 50
58 72
34 110
17 116
149 114
188 138
11 183
78 125
7 193
69 52
111 166
160 144
153 122
67 15
44 64
48 116
100 140
84 8
193 12
65 144
135 180
150 2
107 26
154 26
160 100
5 179
159 41
173 23
134 160
77 66
167 39
108 140
83 171
5 133
185 28
134 38
109 132
148 60
98 137
174 84
128 133
52 112
167 126
95 185
41 130
150 119
158 28
41 197
12 11
150 17
36 27
165 144
195 128
70 10
59 42
111 125
168 72
12 0
10 151
91 97
199 0
141 141
42 120
142 161
38 166
179 8
74 200
136 63
122 137
141 103
162 185
170 48
126 124
28 183
56 157
157 106
133 160
51 76
136 112
147 155
103 138
105 14
103 48
71 79
2 154
141 175
60 126
25 32
49 108
176 145
164 118
140 21
158 3
32 43
45 136
38 192
152 56
91 120
38 6
41 130
163 186
188 26
119 149
173 105
173 70
84 166
83 119
132 127
184 151
168 127
79 22
41 139
118 84
32 170
73 15
151 36
97 70
135 11
181 54
163 176
121 61
135 65
71 165
66 169
117 41
91 171
22 141
28 143
123 174
179 189
113 141
166 79
110 48
189 78
196 168
184 22
125 165
34 58
66 184
122 161
49 137
182 0
175 166
106 7
90 128
111 157
136 172
79 10
96 189
105 128
200 118
72 85
2 77
45 105
107 13
115 200
75 110
160 198
122 97
42 14
137 140
166 34
30 7
133 52
145 181
171 34
116 68
112 82
159 111
170 156
116 20
115 29
84 55
85 126
134 48
26 108
172 40
10 147
173 63
15 89
140 126
23 32
182 90
23 194
4 5
158 111
121 80
29 77
142 93
172 112
190 52
114 106
95 78
77 180
32 86
61 86
152 147
45 142
103 181
171 64
140 111
99 56
32 192
8 38
135 152
170 48
147 70
185 91
200 107
116 3
169 136
41 63
50 193
152 133
100 52
165 17
151 196
24 28
73 79
57 68
120 178
169 198
176 168
180 21
179 11
36 44
45 183
172 119
101 13
17 161
79 140
57 43
30 55
120 51
139 173
4 2
162 153
11 198
117 144
62 118
110 90
89 109
14 123
122 19
161 197
53 136
35 187
152 193
154 101
97 107
30 29
138 145
115 56
90 41
124 98
64 71
82 66
74 157
115 178
187 199
81 135
10 154
68 72
191 196
97 155
29 148
41 129
185 48
25 98
118 103
33 70
44 33
156 77
121 131
89 79
123 158
102 49
192 55
157 179
154 42
30 67
127 88
149 56
121 163
131 110
168 119
186 198
108 45
199 71
115 131
174 76
121 61
63 179
33 77
190 14
70 2
115 104
136 31
44 127
157 183
65 130
61 199
3 155
9 195
69 26
81 35
85 141
18 156
196 173
126 3
134 1
15 1
99 144
160 22
93 170
152 90
67 27
152 21
10 127
140 53
21 144
189 90
48 164
98 146
127 103
199 193
68 89
106 41
138 95
37 100
168 139
4 123
149 78
138 24
22 9
142 52
102 27
143 101
181 157
81 9
77 67
127 179
150 142
100 187
179 85
153 60
21 99
72 194
132 196
68 28
149 36
97 100
143 112
13 57
90 39
139 195
57 175
121 55
30 135
4 186
145 42
36 60
115 32
132 83
24 86
134 10
189 137
124 162
186 49
190 100
66 61
74 14
77 151
155 97
65 177
63 36
179 131
158 37
198 48
23 35
30 102
66 127
39 181
1 83
52 102
20 152
120 190
156 50
133 154
119 133
92 80
172 18
199 134
131 94
102 172
29 177
149 188
142 96
95 145
141 170
163 161
194 95
129 108
74 153
22 140
68 164
59 187
64 70
120 43
120 108
174 143
60 86
167 133
184 2
39 124
192 6
142 134
134 193
80 13
178 44
130 95
0 172
188 152
122 11
64 73
27 112
38 30
92 20
71 121
149 105
47 133
66 38
186 145
29 67
47 35
50 117
39 36
43 93
1 155
163 122
123 66
93 114
19 2
126 109
40 178
154 35
191 112
105 176
102 137
184 112
7 3
121 26
123 175
80 37
130 85
53 150
5 62
120 97
129 171
18 135
48 124
40 183
37 115
94 10
86 76
69 86
17 88
64 100
158 156
135 86
75 163
107 115
1 145
31 9
87 147
59 166
64 20
13 107
41 111
64 194
124 137
93 121
32 153
2 131
102 44
173 92
46 110
78 108
197 197
115 156
92 68
195 130
40 131
10 154
164 190
97 45
5 124
3 116
115 5
96 192
116 116
108 64
141 188
163 84
72 132
188 32
42 190
7 23
134 152
112 9
44 168
107 158
107 54
89 146
199 153
149 3
141 71
194 189
156 158
5 62
100 77
12 80
134 89
125 122
93 181
144 158
27 165
65 192
192 161
194 37
129 36
11 176
133 23
26 24
178 115
89 144
150 184
102 131
46 51
15 153
58 152
76 25
147 40
170 79
34 114
98 1
35 199
176 180
21 114
150 90
188 60
140 93
86 8
113 171
164 98
200 123
166 10
28 24
130 155
71 6
187 173
125 15
142 119
180 151
141 95
56 80
60 123
136 138
155 139
38 157
160 152
31 112
142 120
51 129
197 187
76 51
4 41
148 20
176 185
0 99
15 136
163 51
162 145
91 176
13 183
20 20
197 67
117 55
111 56
150 91
62 154
111 141
27 26
173 125
146 103
68 105
170 36
57 39
157 93
66 180
101 153
141 50
138 10
98 168
188 30
73 18
134 168
163 81
200 60
156 18
160 102
50 107
111 199
42 36
200 45
161 186
56 100
32 121
141 61
68 128
87 59
107 192
125 69
56 146
55 92
8 140
24 128
54 123
147 60
195 13
143 7
131 104
111 78
62 62
47 37
160 82
101 179
86 66
20 27
59 76
124 97
164 111
26 42
41 41
181 67
107 104
127 90
165 107
82 166
146 79
7 53
148 59
141 49
185 56
115 112
93 76
118 52
8 126
161 36
1 3
108 88
132 6
188 142
94 40
192 57
153 142
49 160
61 131
86 150
123 158
195 128
106 27
161 171
83 130
105 2
190 36
11 1
161 7
63 111
2 16
51 71
74 186
101 112
156 61
31 169
166 128
134 189
102 84
154 78
52 54
37 170
84 29
175 121
31 136
176 84
15 12
66 146
66 126
199 192
143 67
47 28
122 84
102 127
127 48
2 18
147 193
33 76
17 143
76 163
126 11
36 43
87 83
36 28
11 38
46 200
181 54
10 57
146 129
172 99
70 20
1 51
118 1
47 180
167 197
183 77
165 4
65 106
43 149
153 87
147 169
58 53
61 168
188 4
125 125
103 181
58 141
43 53
77 117
147 56
152 94
155 16
12 70
169 112
127 195
3 125
57 129
137 187
23 48
38 43
109 100
137 156
74 35
11 132
78 136
72 1
25 197
57 162
85 124
142 200
38 79
164 138
57 113
86 163
153 190
12 161
71 62
31 138
135 2
178 6
106 32
79 29
104 133
134 118
134 46
79 48
124 129
14 165
12 64
195 44
174 160
161 171
145 175
23 160
99 191
12 7
107 135
101 83
126 9
25 97
60 99
170 40
165 133
122 45
138 107
52 37
62 199
126 96
198 181
48 161
82 39
191 98
155 153
170 200
95 196
182 138
104 101
92 84
188 153
45 46
183 130
126 42
31 5
137 178
46 190
129 16
28 33
161 44
84 160
10 161
42 133
23 89
57 39
28 6
67 128
139 55
47 193
3 93
138 163
32 81
44 68
194 107
139 150
179 52
56 0
51 54
47 131
184 30
40 86
37 152
125 56
152 177
167 129
144 143
85 103
24 92
94 72
48 133
46 16
89 123
185 89
196 91
36 158
76 51
134 161
86 185
119 5
28 121
134 125
113 53
23 144
135 114
42 8
12 128
32 141
128 95
128 1
59 192
183 66
120 67
153 167
26 80
46 109
106 41
66 158
156 16
137 66
171 63
82 58
85 21
30 94
138 15
85 90
142 4
88 175
112 199
56 165
13 147
161 183
117 94
48 150
31 135
66 114
134 77
141 179
164 78
200 120
138 157
1 72
32 98
12 54
64 198
154 196
90 2
158 92
180 55
81 8
179 33
78 3
29 120
100 86
37 75
166 120
156 200
162 40
23 149
58 167
165 37
88 63
195 184
167 190
14 122
138 1
125 60
101 129
43 162
178 69
190 117
174 78
1 52
4 42
105 169
168 31
2 94
59 139
153 151
164 87
134 105
117 177
114 65
102 142
165 200
136 188
196 13
131 41
79 43
94 106
138 70
126 33
157 182
196 165
89 73
177 59
36 50
61 142
58 35
86 162
167 51
86 61
132 100
184 125
197 112
152 24
105 98
161 32
9 115
181 53
32 50
77 61
29 2
168 70
175 74
106 187
21 143
75 95
167 30
115 114
151 26
50 156
67 10
154 161
123 146
38 82
80 92
164 118
6 32
170 105
180 189
59 74
100 133
103 39
149 184
164 64
132 164
185 39
183 82
13 6
65 122
139 94
51 131
1 103
48 35
141 171
78 128
87 158
156 91
112 39
39 38
196 94
121 123
114 172
95 110
115 37
192 139
182 117
38 22
179 188
37 120
105 149
163 142
170 33
151 99
173 191
83 19
140 197
92 122
121 17
162 12
46 185
53 80
34 129
33 134
144 186
42 7
33 84
26 0
137 167
28 69
126 164
24 43
158 31
14 6
57 16
10 16
76 52
191 74
94 83
133 150
176 199
141 55
28 11
155 2
57 100
124 126
137 195
87 166
57 127
62 22
91 177
181 81
83 112
145 50
94 104
108 81
8 186
192 22
149 109
132 156
48 35
184 24
115 95
8 152
85 78
190 50
155 66
93 71
11 104
49 167
127 88
43 52
19 179
45 99
186 140
30 192
67 42
128 112
126 34
3 80
135 150
144 179
115 31
75 182
33 33
29 192
24 91
95 105
12 82
155 77
86 30
9 166
120 71
79 187
165 166
193 164
151 85
77 129
189 186
134 115
188 176
198 121
155 140
133 11
58 59
159 190
129 84
138 32
46 127
159 39
181 199
183 119
114 79
128 23
126 12
183 107
130 79
77 171
40 40
116 39
56 153
96 72
150 156
171 91
146 93
77 99
59 16
77 187
50 7
26 21
29 154
18 96
175 157
166 161
143 150
82 4
158 67
199 184
110 89
145 142
141 121
129 196
40 70
71 136
24 10
99 83
145 38
137 154
83 93
172 142
60 14
192 12
151 176
88 2
136 76
13 113
21 19
21 196
98 181
59 36
156 102
72 196
53 41
126 54
48 41
186 185
145 128
65 112
72 128
188 28
85 96
10 42
196 85
37 167
148 132
22 83
1 154
55 172
96 128
74 111
112 21
95 178
88 170
46 56
0 27
96 175
155 90
63 91
137 62
71 14
59 85
35 4
156 116
163 37
146 18
153 137
168 122
179 17
128 179
152 122
61 64
32 175
95 162
200 140
154 183
191 42
35 168
77 28
69 3
90 26
14 4
31 76
146 98
119 31
46 167
108 106
13 88
189 186
196 193
125 193
196 137
76 194
33 72
10 106
31 102
134 8
72 150
74 185
15 180
180 164
164 118
115 111
73 17
162 171
97 28
62 163
59 85
196 6
147 61
191 113
170 165
191 60
18 91
140 37
198 65
26 170
145 168
89 182
98 33
130 133
170 86
107 87
184 58
198 67
14 168
73 43
64 14
135 89
109 19
181 135
154 111
117 37
5 47
30 61
180 200
82 68
138 140
65 128
59 155
149 150
16 200
1 0
130 145
46 9
139 107
40 96
188 161
100 158
97 30
28 19
61 42
188 15
72 152
25 148
5 143
91 74
87 115
22 22
35 107
0 157
42 88
56 45
51 111
19 152
121 179
67 48
127 151
13 14
178 44
170 148
199 57
61 57
89 58
66 48
83 138
54 89
100 71
65 37
135 126
117 50
116 108
35 56
12 192
127 137
3 102
180 38
51 2
101 152
39 141
161 149
30 132
74 178
137 132
189 44
82 57
19 117
72 20
100 60
178 89
76 60
55 189
35 53
20 156
35 18
96 32
29 109
67 54
110 23
127 116
46 157
164 4
155 13
121 65
135 9
154 55
16 94
173 130
195 132
9 155
84 136
162 183
88 34
31 140
1 38
176 27
161 182
116 151
137 42
126 181
102 174
89 151
84 154
135 123
20 149
168 117
73 12
83 199
41 139
4 97
195 48
148 47
130 52
92 139
189 109
117 61
58 128
196 116
24 188
72 129
169 91
86 18
5 168
43 71
98 177
115 87
122 104
31 133
59 6
119 78
115 147
45 171
149 171
118 162
160 147
59 82
189 58
195 108
81 135
180 144
146 198
133 159
7 75
184 1
142 13
40 157
110 99
24 150
21 125
149 152
10 18
109 94
123 85
171 102
106 77
169 140
184 184
71 23
75 52
83 131
68 153
162 29
172 139
94 200
9 132
20 45
105 187
184 27
102 107
136 190
65 172
33 151
95 34
184 55
137 136
169 189
19 31
27 9
87 47
55 99
149 42
113 39
155 81
182 120
162 183
58 27
150 6
136 30
55 165
179 101
4 59
10 193
74 169
18 92
41 33
36 180
159 35
54 31
53 129
157 196
15 100
142 135
128 4
177 3
136 110
196 80
76 154
123 136
4 4
173 137
5 112
121 159
63 10
106 159
108 178
94 15
95 156
42 105
185 197
20 65
105 124
21 175
151 191
179 182
67 94
156 62
154 135
133 109
175 168
177 47
12 112
128 134
96 167
54 0
76 26
53 186
16 175
90 45
17 157
180 63
22 121
94 73
45 160
36 88
92 49
26 185
52 12
141 64
31 70
119 150
164 173
21 90
26 164
77 2
58 38
69 80
128 78
149 25
34 61
149 109
118 106
44 124
100 193
150 91
200 121
24 159
6 125
2 84
185 93
107 43
50 61
155 94
117 77
117 59
75 146
115 155
49 105
81 93
39 184
128 66
187 96
188 83
149 187
23 34
25 95
136 23
167 60
63 151
40 160
58 174
115 129
143 180
173 136
18 184
139 123
178 15
87 83
87 65
130 81
59 180
188 15
177 80
167 96
183 47
22 73
60 41
86 140
176 110
69 200
185 161
50 185
156 121
75 96
38 112
89 161
14 127
194 19
76 0
19 39
30 165
92 82
58 200
127 140
91 35
8 30
157 59
35 149
60 149
19 68
196 98
149 189
160 58
73 196
128 59
67 189
83 46
172 189
38 56
153 103
121 15
162 65
145 175
141 17
28 22
97 44
165 159
41 143
85 108
137 147
77 187
57 50
154 0
70 90
21 91
95 14
43 82
194 76
11 74
13 18
147 41
162 196
194 109
70 29
145 200
192 195
102 188
128 162
190 109
100 24
74 42
60 91
176 31
63 136
59 3
88 188
42 64
166 6
164 32
156 67
24 12
141 180
26 131
19 62
102 25
58 128
116 133
153 161
175 26
13 50
39 63
190 184
90 138
166 84
18 75
196 96
159 191
185 66
124 158
54 137
123 165
46 71
93 42
77 74
48 10
190 135
142 25
149 86
2 51
98 156
132 56
88 168
122 165
17 129
104 87
156 159
52 112
44 38
8 124
124 90
144 85
27 33
6 146
179 197
40 185
198 54
125 57
131 170
34 121
10 163
129 186
31 144
12 27
140 129
109 198
190 108
153 124
60 99
102 127
93 22
4 73
196 151
62 37
198 187
161 13
53 91
194 2
200 108
84 31
111 163
73 152
146 19
112 162
115 13
161 151
101 98
46 28
117 121
56 13
174 139
114 164
110 147
146 160
156 102
83 19
23 83
40 147
72 157
1 18
108 164
145 72
195 184
57 129
76 169
52 91
137 155
36 79
53 81
78 143
197 185
175 53
46 148
182 7
43 59
149 64
49 62
64 11
166 46
66 16
87 8
50 20
141 191
31 12
33 170
112 97
13 37
58 162
32 133
113 27
110 82
14 59
50 149
177 154
7 79
53 112
47 75
94 38
53 18
133 1
111 1
37 49
86 163
195 152
132 134
94 178
145 12
9 109
101 167
179 153
99 93
145 198
167 127
61 40
124 17
126 44
29 90
59 90
99 80
170 181
196 170
39 82
182 48
94 99
106 191
3 135
9 107
4 22
121 36
79 194
5 2
140 115
30 57
51 182
113 120
125 198
157 164
91 52
78 5
168 95
49 7
50 99
111 181
37 115
113 199
129 134
139 0
42 150
44 60
121 145
0 45
139 96
52 183
48 52
64 118
66 109
9 121
140 107
161 166
200 155
8 127
10 169
153 54
45 53
104 157
10 87
20 32
41 161
7 189
142 129
179 45
181 135
159 163
147 84
122 160
195 10
186 42
194 69
78 28
112 110
128 138
126 166
15 68
194 25
40 69
51 183
34 54
32 135
171 72
184 35
135 53
52 108
113 104
181 78
140 9
140 152
132 104
92 20
44 167
114 116
69 40
109 189
68 37
110 41
7 114
20 31
146 179
164 38
152 179
112 108
154 93
181 4
25 79
3 152
138 163
61 200
95 22
75 198
80 109
18 145
126 68
52 10
91 72
52 176
157 48
182 140
128 199
12 40
12 2
183 135
129 108
29 27
22 69
165 128
80 200
124 116
66 38
128 171
100 94
197 46
72 20
20 22
72 72
178 20
191 139
195 8
52 65
164 124
45 139
36 153
69 57
130 194
86 47
140 197
97 21
10 153
142 120
106 72
173 68
153 58
145 65
58 84
119 119
159 176
56 118
183 132
45 48
85 179
114 26
30 26
2 48
49 173
98 90
164 73
29 157
151 43
166 76
29 141
149 185
32 35
35 3
156 184
194 155
184 42
181 36
171 80
128 195
22 144
180 191
154 87
23 146
144 34
26 187
4 21
153 186
172 132
58 128
132 98
90 186
161 129
15 51
181 31
174 97
173 69
99 3
90 29
133 41
37 58
198 142
132 43
129 63
95 51
98 116
151 130
120 165
96 150
32 166
140 35
42 3
87 138
83 27
21 95
133 74
81 104
52 186
3 195
72 180
56 158
10 141
82 12
45 132
8 178
149 195
146 112
20 185
109 86
33 84
43 150
190 100
71 142
44 96
48 130
179 114
69 190
164 72
43 131
36 147
72 70
164 70
154 145
3 134
116 28
160 103
102 117
63 193
144 107
125 160
137 163
23 71
80 36
1 107
200 161
41 95
195 41
185 38
173 90
71 165
120 59
160 144
171 4
105 28
192 91
139 189
199 91
188 63
187 170
71 159
155 32
16 67
35 72
199 76
28 177
92 196
99 25
21 177
86 72
63 130
31 168
35 115
190 175
44 133
22 30
15 64
160 140
105 187
183 117
97 68
17 101
137 183
152 143
40 100
112 53
78 16
43 174
43 185
123 142
154 141
174 20
159 173
101 166
44 185
190 104
56 15
68 22
65 85
142 8
186 127
174 163
87 28
132 126
90 163
45 183
77 151
158 116
137 154
127 42
168 23
139 118
156 52
148 168
133 88
55 184
135 179
15 70
13 144
158 189
0 132
50 177
166 61
53 59
62 2
9 178
196 67
57 30
167 25
81 47
187 200
43 187
52 111
53 118
190 129
121 114
85 103
83 47
164 191
66 162
152 26
174 51
54 111
123 62
144 87
116 21
73 40
188 121
1 93
129 114
124 0
176 9
157 195
118 0
10 60
158 112
114 51
92 6
55 167
48 10
46 125
165 131
32 41
111 53
138 9
131 141
127 163
2 166
116 43
181 109
45 24
19 145
146 19
72 56
103 67
95 46
122 145
179 89
84 73
191 12
103 65
192 150
105 69
41 28
161 18
148 111
188 58
104 90
148 5
70 90
97 58
76 98
121 57
143 59
59 14
138 3
50 184
91 160
150 170
61 16
180 195
133 25
165 135
199 133
108 181
91 51
133 3
129 79
69 101
92 96
176 152
19 197
3 7
48 47
161 144
183 121
159 167
83 122
84 75
29 23
105 59
170 170
97 192
154 61
110 44
110 104
48 7
29 132
100 103
134 177
17 87
80 99
178 52
8 151
64 95
73 92
115 53
194 130
76 127
181 83
60 149
119 70
68 116
128 120
163 146
49 171
0 110
152 78
5 92
152 129
196 41
154 34
17 105
103 89
145 133
197 155
41 21
81 42
50 27
193 37
102 135
153 117
183 151
150 150
105 34
1 141
186 175
26 106
162 72
62 75
168 153
120 56
68 165
11 143
176 115
60 133
136 189
36 179
27 156
173 180
41 151
86 135
113 180
3 139
16 136
92 186
10 149
16 133
37 13
163 153
42 175
116 18
165 149
144 192
198 96
64 198
60 35
190 144
65 153
127 132
134 192
60 187
130 99
102 105
159 126
26 136
20 7
79 81
185 163
156 46
142 164
200 12
120 197
119 47
126 14
1 58
148 53
63 102
183 197
132 58
122 162
156 18
86 44
10 65
94 113
1 115
116 165
103 183
47 66
153 8
156 103
157 52
5 50
54 43
199 67
0 49
116 113
125 185
9 134
125 104
75 186
47 28
153 125
57 56
183 192
187 62
22 172
83 22
139 37
27 175
27 140
149 97
14 88
175 106
153 138
172 82
4 96
116 104
91 89
64 133
154 35
174 97
190 199
191 38
74 192
18 143
100 74
173 189
4 109
165 112
66 144
51 58
57 73
64 104
165 123
92 99
84 189
113 83
106 175
63 144
31 193
107 48
34 142
189 96
140 125
22 200
103 57
3 63
106 65
191 73
186 107
33 191
190 147
38 60
13 114
5 155
123 55
19 71
60 35
80 139
198 0
103 44
4 197
17 88
104 144
45 122
176 150
140 24
175 139
34 122
159 46
75 47
157 105
124 57
184 64
62 20
24 111
11 182
109 100
8 102
112 91
17 35
148 163
200 182
43 104
28 44
164 23
77 176
33 191
32 120
14 159
91 1
171 160
197 13
144 131
61 36
74 14
138 57
96 88
140 14
93 102
186 66
70 118
145 56
151 76
199 47
149 66
75 128
84 165
146 20
37 65
184 194
28 140
83 109
29 85
47 39
114 115
125 104
93 4
177 172
195 41
123 84
185 161
68 194
98 67
197 145
105 102
143 51
115 7
182 175
130 129
134 155
192 37
102 132
42 3
1 185
146 88
150 154
112 15
54 180
48 123
130 198
53 51
37 37
170 81
196 111
185 11
165 5
104 84
13 197
129 33
190 118
88 141
65 46
107 42
174 18
54 111
171 66
194 155
111 175
106 139
135 43
177 151
52 26
122 196
7 17
161 35
60 166
184 44
97 21
150 70
106 27
135 121
179 98
25 65
163 36
141 87
42 157
75 183
47 7
8 20
71 173
128 177
81 89
104 149
122 7
6 132
74 89
7 168
66 109
33 48
119 162
191 133
25 117
49 156
146 119
27 137
33 120
16 36
59 12
0 133
58 191
40 87
45 41
71 184
194 188
113 198
62 72
60 18
20 57
51 135
84 81
130 26
180 183
16 19
138 45
123 195
71 43
16 29
133 107
33 19
150 90
141 21
17 52
41 194
12 171
38 16
144 9
156 111
24 152
105 133
14 49
22 45
159 99
71 41
191 74
81 42
181 50
194 54
144 157
129 45
26 127
164 103
155 165
59 113
129 83
47 24
131 64
139 126
179 157
161 46
13 91
101 147
174 150
136 29
154 198
12 56
131 64
163 129
89 188
64 78
106 109
16 150
65 95
197 181
17 86
19 184
146 87
84 134
54 163
27 130
99 176
66 39
48 183
172 29
57 85
98 177
198 26
163 178
135 120
29 89
11 27
172 6
75 144
90 128
198 111
129 122
177 44
169 126
131 162
122 178
115 36
186 96
107 95
37 1
21 77
150 31
149 193
157 83
28 131
100 181
17 99
83 26
137 132
82 168
189 144
128 145
72 180
42 32
170 60
195 146
133 78
177 126
48 51
79 9
184 78
174 49
178 100
139 48
47 135
65 127
59 137
114 147
68 34
81 114
165 117
169 129
21 11
22 191
176 162
66 1
58 179
60 16
184 147
130 43
154 117
80 93
39 23
186 190
194 84
198 183
118 144
95 104
193 117
79 177
50 122
16 79
104 196
17 82
172 148
83 57
12 113
169 78
57 150
49 127
83 175
190 193
106 72
100 43
86 19
48 145
18 26
31 93
139 75
186 175
150 74
25 179
150 128
72 195
93 130
1 0
111 132
151 33
37 121
99 130
93 104
116 84
88 28
1 114
105 116
0 120
140 178
179 99
23 132
35 95
165 60
132 103
197 135
67 90
74 167
19 177
145 126
162 99
101 138
26 30
93 192
196 82
25 168
150 136
35 65
175 136
145 90
130 120
7 150
8 85
6 159
158 200
114 10
167 200
136 54
174 139
138 139
193 133
131 19
144 23
131 38
125 198
140 42
66 165
149 104
154 59
88 105
19 52
22 48
0 134
133 130
132 167
25 177
113 74
22 193
162 112
200 122
196 84
96 9
17 176
174 85
166 155
9 93
99 184
25 105
27 160
66 193
163 58
77 80
167 8
111 4
193 175
82 173
5 105
16 160
55 96
181 156
4 51
92 81
89 88
42 12
100 52
147 140
128 169
161 200
65 176
51 38
24 7
155 200
47 105
135 114
29 107
3 159
121 140
119 90
73 59
114 170
179 110
36 138
89 86
83 46
199 128
138 152
44 11
134 185
126 36
142 173
200 188
31 87
63 130
112 10
128 20
30 139
99 144
53 15
93 1
4 109
71 128
113 76
12 18
93 90
137 175
162 103
11 153
181 114
73 48
130 200
124 104
141 62
4 93
130 79
190 131
19 44
62 165
162 0
110 79
37 25
58 107
166 151
108 24
134 174
81 47
83 83
126 63
121 44
127 4
71 93
8 120
174 73
60 153
112 188
91 54
118 89
171 153
167 8
123 50
96 178
115 190
116 169
188 81
196 164
187 55
111 99
186 12
47 183
27 109
46 170
115 23
38 132
57 137
26 53
90 96
31 0
103 61
34 13
170 149
134 61
16 128
130 12
154 90
180 142
47 183
66 150
126 102
32 195
172 11
43 135
21 40
37 87
51 163
65 53
112 80
46 143
125 33
49 199
117 40
36 74
67 33
143 188
68 0
89 61
80 45
172 154
139 188
161 54
74 123
97 191
55 100
193 198
113 102
42 108
104 174
37 79
159 46
79 36
84 66
139 103
37 20
193 100
49 54
195 78
181 81
58 3
32 60
172 172
90 173
116 59
107 23
142 25
57 124
114 89
96 58
46 47
193 47
146 17
165 182
61 117
53 92
111 130
72 38
128 183
45 18
129 35
138 133
60 149
15 82
153 25
27 150
35 6
190 148
109 17
75 132
51 84
92 143
72 81
194 110
149 118
76 121
182 81
190 75
37 50
172 59
120 194
3 143
60 48
156 65
199 99
172 72
175 76
178 123
1 31
13 189
64 40
153 82
13 120
41 31
62 99
147 112
197 3
132 51
23 10
130 57
183 109
43 5
199 137
93 57
0 33
139 198
52 163
161 24
15 142
87 5
75 46
75 19
9 135
116 108
180 106
29 113
65 173
64 145
36 106
104 76
7 195
167 80
31 83
68 178
15 11
94 27
156 200
176 75
22 140
58 168
107 108
71 127
107 85
8 121
129 174
174 33
14 108
104 198
59 166
141 114
84 42
29 134
127 36
151 92
149 36
47 104
154 166
172 116
2 102
45 188
82 105
171 102
56 24
137 129
148 137
132 101
148 40
66 188
161 200
14 195
136 112
174 200
188 196
127 14
88 162
132 8
32 25
41 169
5 64
38 84
45 106
90 143
163 69
155 64
156 117
65 48
186 123
120 174
35 77
41 87
147 52
20 83
56 40
35 55
180 18
0 70
50 128
173 148
136 60
41 72
181 167
97 8
143 103
150 148
60 65
106 99
5 53
59 110
188 26
87 79
150 151
182 130
192 49
7 151
117 12
81 115
24 108
195 172
85 134
136 73
175 182
5 144
143 88
194 17
197 12
35 95
116 186
156 124
50 71
129 103
199 198
6 141
34 57
143 144
148 185
147 112
30 17
124 34
69 172
150 158
191 10
12 66
133 125
72 121
163 171
163 79
116 160
143 96
95 109
11 47
107 88
28 51
25 131
124 107
139 179
63 89
36 198
33 77
93 26
93 10
191 94
36 72
54 101
28 155
39 123
172 131
169 142
33 89
102 50
180 2
163 41
61 190
134 113
13 135
132 32
156 114
147 145
152 182
37 102
175 117
35 131
88 158
200 114
6 53
137 67
150 95
184 178
45 70
22 75
166 163
43 144
8 164
189 12
27 39
129 108
95 186
0 134
110 5
99 45
179 180
168 55
190 69
88 70
136 150
193 169
186 193
38 34
177 99
12 142
60 188
44 135
92 192
1 90
96 74
23 36
185 132
167 44
151 125
14 65
37 58
84 37
81 194
200 45
187 100
66 147
147 96
135 61
79 186
40 143
184 87
156 74
45 189
39 34
172 195
137 177
42 67
70 107
136 45
27 181
165 144
142 24
72 151
8 45
142 33
62 189
11 85
138 195
184 39
55 196
86 119
76 91
44 39
68 164
131 138
93 122
25 43
160 125
118 46
96 102
168 18
165 106
112 17
48 110
3 7
10 78
26 55
102 173
130 79
148 167
151 194
188 18
73 24
4 177
70 9
94 121
40 52
184 140
107 171
2 1
119 21
56 183
10 88
122 34
170 97
110 42
165 48
158 87
13 126
87 66
186 178
134 64
32 52
95 90
118 126
174 127
122 38
84 185
164 18
81 179
43 26
113 83
35 49
93 7
143 12
179 59
36 8
183 155
17 163
25 147
155 8
171 199
9 26
129 140
94 156
185 154
19 18
50 152
128 76
130 138
148 166
181 192
85 78
65 90
56 144
42 50
124 40
47 7
165 184
163 60
102 147
71 0
154 45
161 81
88 120
36 96
113 83
142 55
69 87
39 36
11 173
153 121
26 180
98 2
167 111
116 120
189 144
23 14
96 96
23 79
69 85
34 182
113 89
62 19
42 49
11 22
122 52
117 44
154 94
75 120
195 37
49 87
47 19
164 168
102 171
170 105
108 3
188 143
23 119
73 22
142 99
130 155
41 199
29 76
98 168
149 149
15 17
173 71
65 165
73 86
8 106
72 105
135 27
6 14
101 126
58 174
4 81
189 2
1 50
131 38
132 114
163 151
187 108
40 166
114 95
157 82
47 145
140 184
188 14
40 96
17 86
47 142
152 178
28 2
44 52
16 115
37 153
178 60
66 197
148 35
169 34
79 128
53 148
135 20
175 156
85 145
12 191
1 178
199 68
124 70
183 91
5 78
83 30
120 75
4 188
135 99
107 141
143 64
46 199
152 52
127 152
174 3
136 60
34 87
72 168
2 171
40 44
179 50
26 17
138 68
138 1
195 158
77 81
93 8
37 0
48 100
139 31
192 175
28 119
4 49
171 1
29 160
35 36
151 132
124 84
48 173
6 182
44 179
140 37
119 134
49 72
1 146
24 128
65 29
123 13
116 20
195 18
19 146
173 188
81 189
132 138
95 195
148 79
164 89
39 112
51 88
72 155
147 136
